0 195 154 230 36 69 248 68 183 108 124 88 91 106 46 205 217 249 162 226 70 69 139 35 150 30 51 63 207 87 179 34
195 0 71 57 189 152 75 137 32 99 85 131 268 119 223 32 44 76 45 53 247 246 76 212 55 207 164 240 34 264 38 171
154 71 0 106 148 111 124 96 59 58 44 90 227 78 182 81 93 125 38 102 206 205 35 171 26 166 123 199 83 223 55 130
230 57 106 0 224 187 32 172 67 134 120 166 303 154 258 45 33 33 80 24 282 281 111 247 90 242 199 275 37 299 73 206
36 189 148 224 0 63 242 62 177 102 118 82 109 100 64 199 211 243 156 220 88 87 133 53 144 48 45 81 201 105 173 28
69 152 111 187 63 0 205 25 140 65 81 45 142 63 97 162 174 206 119 183 121 120 96 86 107 81 38 114 164 138 136 45
248 75 124 32 242 205 0 190 85 152 138 184 321 172 276 63 51 27 98 42 300 299 129 265 108 260 217 293 55 317 91 224
68 137 96 172 62 25 190 0 125 50 66 30 141 48 96 147 159 191 104 168 120 119 81 85 92 80 37 113 149 137 121 44
183 32 59 67 177 140 85 125 0 87 73 119 256 107 211 42 54 86 33 63 235 234 64 200 43 195 152 228 44 252 26 159
108 99 58 134 102 65 152 50 87 0 28 44 181 32 136 109 121 153 66 130 160 159 43 125 54 120 77 153 111 177 83 84
124 85 44 120 118 81 138 66 73 28 0 60 197 48 152 95 107 139 52 116 176 175 29 141 40 136 93 169 97 193 69 100
88 131 90 166 82 45 184 30 119 44 60 0 161 42 116 141 153 185 98 162 140 139 75 105 86 100 57 133 143 157 115 64
91 268 227 303 109 142 321 141 256 181 197 161 0 179 57 278 290 322 235 299 35 50 212 66 223 83 124 54 280 24 252 107
106 119 78 154 100 63 172 48 107 32 48 42 179 0 134 129 141 173 86 150 158 157 63 123 74 118 75 151 131 175 103 82
46 223 182 258 64 97 276 96 211 136 152 116 57 134 0 233 245 277 190 254 36 35 167 21 178 38 79 29 235 53 207 62
205 32 81 45 199 162 63 147 42 109 95 141 278 129 233 0 32 64 55 41 257 256 86 222 65 217 174 250 22 274 48 181
217 44 93 33 211 174 51 159 54 121 107 153 290 141 245 32 0 52 67 29 269 268 98 234 77 229 186 262 24 286 60 193
249 76 125 33 243 206 27 191 86 153 139 185 322 173 277 64 52 0 99 43 301 300 130 266 109 261 218 294 56 318 92 225
162 45 38 80 156 119 98 104 33 66 52 98 235 86 190 55 67 99 0 76 214 213 43 179 22 174 131 207 57 231 29 138
226 53 102 24 220 183 42 168 63 130 116 162 299 150 254 41 29 43 76 0 278 277 107 243 86 238 195 271 33 295 69 202
70 247 206 282 88 121 300 120 235 160 176 140 35 158 36 257 269 301 214 278 0 29 191 45 202 62 103 33 259 31 231 86
69 246 205 281 87 120 299 119 234 159 175 139 50 157 35 256 268 300 213 277 29 0 190 44 201 61 102 32 258 46 230 85
139 76 35 111 133 96 129 81 64 43 29 75 212 63 167 86 98 130 43 107 191 190 0 156 31 151 108 184 88 208 60 115
35 212 171 247 53 86 265 85 200 125 141 105 66 123 21 222 234 266 179 243 45 44 156 0 167 27 68 38 224 62 196 51
150 55 26 90 144 107 108 92 43 54 40 86 223 74 178 65 77 109 22 86 202 201 31 167 0 162 119 195 67 219 39 126
30 207 166 242 48 81 260 80 195 120 136 100 83 118 38 217 229 261 174 238 62 61 151 27 162 0 63 55 219 79 191 46
51 164 123 199 45 38 217 37 152 77 93 57 124 75 79 174 186 218 131 195 103 102 108 68 119 63 0 96 176 120 148 27
63 240 199 275 81 114 293 113 228 153 169 133 54 151 29 250 262 294 207 271 33 32 184 38 195 55 96 0 252 50 224 79
207 34 83 37 201 164 55 149 44 111 97 143 280 131 235 22 24 56 57 33 259 258 88 224 67 219 176 252 0 276 50 183
87 264 223 299 105 138 317 137 252 177 193 157 24 175 53 274 286 318 231 295 31 46 208 62 219 79 120 50 276 0 248 103
179 38 55 73 173 136 91 121 26 83 69 115 252 103 207 48 60 92 29 69 231 230 60 196 39 191 148 224 50 248 0 155
34 171 130 206 28 45 224 44 159 84 100 64 107 82 62 181 193 225 138 202 86 85 115 51 126 46 27 79 183 103 155 0