32
0	1975	1258	1054	1676	1183	1029	1563	1180	1711	2047	1437	1819	1138	1325	1197	1714	1511	1576	1968	1940	1585	2016	1946	1289	1974	1464	1394	1199	1624	1174	1517	
1975	0	1106	1669	1030	1424	1729	1061	1538	1471	1132	1685	1804	1111	1391	1551	1336	1869	1731	1922	1720	1928	1475	1257	1053	1413	1467	1992	1809	1808	1613	1895	
1258	1106	0	1859	1510	1615	1207	1737	1726	1259	1188	1590	1534	1058	1242	1568	1700	1789	1083	1103	1807	1286	1660	1506	2037	1709	1405	1943	2029	1583	1447	1431	
1054	1669	1859	0	1498	1554	1112	1994	2006	1857	1063	1226	1746	1407	1763	1363	1633	1829	1914	1885	1955	1782	1636	1356	1878	1457	1886	1997	1791	1777	2018	1991	
1676	1030	1510	1498	0	1741	1872	1825	1924	1657	1332	1281	1349	1460	1288	2015	1366	2025	1655	1971	1097	1376	1193	1057	1882	1890	1434	1834	1170	1381	1438	1597	
1183	1424	1615	1554	1741	0	1785	1586	1375	1682	1593	1123	1483	1142	1201	1841	1999	1770	1331	1995	1536	1360	1241	1354	1813	1295	1270	1246	1979	1428	1064	1571	
1029	1729	1207	1112	1872	1785	0	1703	1271	2026	1948	1216	1662	1821	1833	1221	1592	1050	1071	1632	1901	1116	1686	1708	1850	1049	1269	1614	1038	1051	1545	1417	
1563	1061	1737	1994	1825	1586	1703	0	1398	1348	1099	1304	1213	1656	1745	1489	1718	1248	2046	2042	1588	1801	1507	1561	1244	2021	1292	1380	1392	1537	1608	1781	
1180	1538	1726	2006	1924	1375	1271	1398	0	1076	1529	1499	1470	1134	1577	1765	1715	1820	1330	1621	1987	1377	1896	1891	1316	1446	1468	1675	1942	1448	1553	1973	
1711	1471	1259	1857	1657	1682	2026	1348	1076	0	1645	1736	1690	1817	1274	1824	1231	1202	1533	1730	1285	1716	1508	1486	1194	1851	1159	1238	1812	1831	1137	1742	
2047	1132	1188	1063	1332	1593	1948	1099	1529	1645	0	1659	1146	1209	1341	1663	1892	1237	1276	1953	1639	1101	1337	2009	1687	1854	1047	2033	1339	1917	1426	1371	
1437	1685	1590	1226	1281	1123	1216	1304	1499	1736	1659	0	1907	1652	1811	1738	1735	1474	1266	1154	1514	1618	1758	1088	1319	1764	1926	1752	1024	1313	1247	1190	
1819	1804	1534	1746	1349	1483	1662	1213	1470	1690	1146	1907	0	1074	1935	1296	1799	1569	1622	1345	1463	1403	1823	1488	1650	1967	2040	1121	1092	2004	1212	1778	
1138	1111	1058	1407	1460	1142	1821	1656	1134	1817	1209	1652	1074	0	1980	2044	1139	1572	1970	1531	1623	1035	1432	1070	1525	1293	1612	1353	1369	1989	1986	1747	
1325	1391	1242	1763	1288	1201	1833	1745	1577	1274	1341	1811	1935	1980	0	1410	1860	1220	2035	1401	1208	1487	1933	1894	1477	1666	1998	1084	1908	1717	1784	1530	
1197	1551	1568	1363	2015	1841	1221	1489	1765	1824	1663	1738	1296	2044	1410	0	1913	1347	1757	1932	1884	1952	1654	1897	1927	1680	1273	1827	1430	1795	1178	1425	
1714	1336	1700	1633	1366	1999	1592	1718	1715	1231	1892	1735	1799	1139	1860	1913	0	1631	1628	1275	1033	1264	1040	2043	1299	1055	1252	1189	1318	1215	1365	1404	
1511	1869	1789	1829	2025	1770	1050	1248	1820	1202	1237	1474	1569	1572	1220	1347	1631	0	1543	1374	1108	1584	1724	1110	1080	1990	1461	1839	1036	1672	1557	1516	
1576	1731	1083	1914	1655	1331	1071	2046	1330	1533	1276	1266	1622	1970	2035	1757	1628	1543	0	2030	1135	1818	1751	1385	2045	1693	1397	1500	1118	1528	1152	1929	
1968	1922	1103	1885	1971	1995	1632	2042	1621	1730	1953	1154	1345	1531	1401	1932	1275	1374	2030	0	1840	1641	1362	1725	1826	1177	1688	1814	1775	2036	1387	1062	
1940	1720	1807	1955	1097	1536	1901	1588	1987	1285	1639	1514	1463	1623	1208	1884	1033	1108	1135	1840	0	1396	1750	1372	1125	1041	1699	2034	1179	1601	1250	1766	
1585	1928	1286	1782	1376	1360	1116	1801	1377	1716	1101	1618	1403	1035	1487	1952	1264	1584	1818	1641	1396	0	1541	1780	1443	1713	1379	1786	1191	1677	1838	1790	
2016	1475	1660	1636	1193	1241	1686	1507	1896	1508	1337	1758	1823	1432	1933	1654	1040	1724	1751	1362	1750	1541	0	1965	1283	1721	1338	1936	1113	1300	1262	1079	
1946	1257	1506	1356	1057	1354	1708	1561	1891	1486	2009	1088	1488	1070	1894	1897	2043	1110	1385	1725	1372	1780	1965	0	1578	1845	1610	1358	1466	2024	1140	1114	
1289	1053	2037	1878	1882	1813	1850	1244	1316	1194	1687	1319	1650	1525	1477	1927	1299	1080	2045	1826	1125	1443	1283	1578	0	1941	1496	1124	1865	1308	1263	1605	
1974	1413	1709	1457	1890	1295	1049	2021	1446	1851	1854	1764	1967	1293	1666	1680	1055	1990	1693	1177	1041	1713	1721	1845	1941	0	1093	1535	1950	1361	1856	1846	
1464	1467	1405	1886	1434	1270	1269	1292	1468	1159	1047	1926	2040	1612	1998	1273	1252	1461	1397	1688	1699	1379	1338	1610	1496	1093	0	1923	1104	1522	2010	1046	
1394	1992	1943	1997	1834	1246	1614	1380	1675	1238	2033	1752	1121	1353	1084	1827	1189	1839	1500	1814	2034	1786	1936	1358	1124	1535	1923	0	1754	1243	1653	1067	
1199	1809	2029	1791	1170	1979	1038	1392	1942	1812	1339	1024	1092	1369	1908	1430	1318	1036	1118	1775	1179	1191	1113	1466	1865	1950	1104	1754	0	1333	1089	1939	
1624	1808	1583	1777	1381	1428	1051	1537	1448	1831	1917	1313	2004	1989	1717	1795	1215	1672	1528	2036	1601	1677	1300	2024	1308	1361	1522	1243	1333	0	1136	1596	
1174	1613	1447	2018	1438	1064	1545	1608	1553	1137	1426	1247	1212	1986	1784	1178	1365	1557	1152	1387	1250	1838	1262	1140	1263	1856	2010	1653	1089	1136	0	1227	
1517	1895	1431	1991	1597	1571	1417	1781	1973	1742	1371	1190	1778	1747	1530	1425	1404	1516	1929	1062	1766	1790	1079	1114	1605	1846	1046	1067	1939	1596	1227	0	
