28
0 1661 1608 4990 3140 4479 3158 2603 3211 1582 4066 4695 6363 5703 6564 6156 6767 7716 1948 1269 3723 7908 3884 1523 4790 3718 1244 7781
1661 0 1721 6385 4535 4592 3271 2716 4606 2977 5461 4808 7758 7098 7959 7551 8162 9111 3343 2064 5118 9303 3997 1636 6185 3831 2639 9176
1608 1721 0 6332 4482 3031 1710 1155 4553 2924 5408 3247 7705 7045 7906 7498 8109 9058 3290 2011 5065 9250 2436 727 6132 2270 2586 9123
4990 6385 6332 0 2698 9203 7882 7327 2597 3948 2180 9419 1921 1261 2122 1714 2325 3274 3258 5993 1975 3466 8608 6247 1020 8442 4696 3339
3140 4535 4482 2698 0 7353 6032 5477 919 2098 1774 7569 4071 3411 4272 3864 4475 5424 1408 4143 1431 5616 6758 4397 2498 6592 2846 5489
4479 4592 3031 9203 7353 0 3043 3174 7424 5795 8279 1718 10576 9916 10777 10369 10980 11929 6161 4882 7936 12121 1783 3598 9003 899 5457 11994
3158 3271 1710 7882 6032 3043 0 1853 6103 4474 6958 3259 9255 8595 9456 9048 9659 10608 4840 3561 6615 10800 2448 2277 7682 2282 4136 10673
2603 2716 1155 7327 5477 3174 1853 0 5548 3919 6403 3390 8700 8040 8901 8493 9104 10053 4285 3006 6060 10245 2579 1722 7127 2413 3581 10118
3211 4606 4553 2597 919 7424 6103 5548 0 2169 1673 7640 3970 3310 4171 3763 4374 5323 1479 4214 1330 5515 6829 4468 2397 6663 2917 5388
1582 2977 2924 3948 2098 5795 4474 3919 2169 0 3024 6011 5321 4661 5522 5114 5725 6674 906 2585 2681 6866 5200 2839 3748 5034 1288 6739
4066 5461 5408 2180 1774 8279 6958 6403 1673 3024 0 8495 3553 2893 3754 3346 3957 4906 2334 5069 1051 5098 7684 5323 1980 7518 3772 4971
4695 4808 3247 9419 7569 1718 3259 3390 7640 6011 8495 0 10792 10132 10993 10585 11196 12145 6377 5098 8152 12337 1999 3814 9219 1115 5673 12210
6363 7758 7705 1921 4071 10576 9255 8700 3970 5321 3553 10792 0 1550 1563 1747 1766 2715 4631 7366 3348 2907 9981 7620 2393 9815 6069 2780
5703 7098 7045 1261 3411 9916 8595 8040 3310 4661 2893 10132 1550 0 1751 1343 1954 2903 3971 6706 2688 3095 9321 6960 1733 9155 5409 2968
6564 7959 7906 2122 4272 10777 9456 8901 4171 5522 3754 10993 1563 1751 0 1948 853 1802 4832 7567 3549 1994 10182 7821 2594 10016 6270 1867
6156 7551 7498 1714 3864 10369 9048 8493 3763 5114 3346 10585 1747 1343 1948 0 2151 3100 4424 7159 3141 3292 9774 7413 2186 9608 5862 3165
6767 8162 8109 2325 4475 10980 9659 9104 4374 5725 3957 11196 1766 1954 853 2151 0 1763 5035 7770 3752 1955 10385 8024 2797 10219 6473 1828
7716 9111 9058 3274 5424 11929 10608 10053 5323 6674 4906 12145 2715 2903 1802 3100 1763 0 5984 8719 4701 904 11334 8973 3746 11168 7422 777
1948 3343 3290 3258 1408 6161 4840 4285 1479 906 2334 6377 4631 3971 4832 4424 5035 5984 0 2951 1991 6176 5566 3205 3058 5400 1654 6049
1269 2064 2011 5993 4143 4882 3561 3006 4214 2585 5069 5098 7366 6706 7567 7159 7770 8719 2951 0 4726 8911 4287 1926 5793 4121 2247 8784
3723 5118 5065 1975 1431 7936 6615 6060 1330 2681 1051 8152 3348 2688 3549 3141 3752 4701 1991 4726 0 4893 7341 4980 1775 7175 3429 4766
7908 9303 9250 3466 5616 12121 10800 10245 5515 6866 5098 12337 2907 3095 1994 3292 1955 904 6176 8911 4893 0 11526 9165 3938 11360 7614 319
3884 3997 2436 8608 6758 1783 2448 2579 6829 5200 7684 1999 9981 9321 10182 9774 10385 11334 5566 4287 7341 11526 0 3003 8408 1022 4862 11399
1523 1636 727 6247 4397 3598 2277 1722 4468 2839 5323 3814 7620 6960 7821 7413 8024 8973 3205 1926 4980 9165 3003 0 6047 2837 2501 9038
4790 6185 6132 1020 2498 9003 7682 7127 2397 3748 1980 9219 2393 1733 2594 2186 2797 3746 3058 5793 1775 3938 8408 6047 0 8242 4496 3811
3718 3831 2270 8442 6592 899 2282 2413 6663 5034 7518 1115 9815 9155 10016 9608 10219 11168 5400 4121 7175 11360 1022 2837 8242 0 4696 11233
1244 2639 2586 4696 2846 5457 4136 3581 2917 1288 3772 5673 6069 5409 6270 5862 6473 7422 1654 2247 3429 7614 4862 2501 4496 4696 0 7487
7781 9176 9123 3339 5489 11994 10673 10118 5388 6739 4971 12210 2780 2968 1867 3165 1828 777 6049 8784 4766 319 11399 9038 3811 11233 7487 0
